# Inner iteration convergence data (subplot b)
# omega = 1.0
# Columns: iter, max_delta_V, outer_iter
# 
# Network: sz_20_r005
# n_bus=19, n_pv=1, eta=0.1469, rho=0.3383, rx_ratio=5.82
     1  1.8898171595e-03   1
     2  3.3155598244e-06   1
     3  5.7164396550e-09   1
     4  9.3636160002e-03   2
     5  2.3401897663e-03   2
     6  1.8950667170e-05   2
     7  5.3652828267e-06   2
     8  4.3533394445e-08   2
     9  1.2328933208e-08   2
    10  1.0003642359e-10   2
    11  1.1786269879e-03   3
    12  3.7329924023e-04   3
    13  3.4514383844e-06   3
    14  1.1139045546e-06   3
    15  1.0302065423e-08   3
    16  3.3250395770e-09   3
    17  3.4990436181e-04   4
    18  1.1642570914e-04   4
    19  1.1163703977e-06   4
    20  3.7358661098e-07   4
    21  3.5825478140e-09   4
    22  1.1380604851e-04   5
    23  3.8454911694e-05   5
    24  3.7303258971e-07   5
    25  1.2628457835e-07   5
    26  1.2250640502e-09   5
    27  3.8009280596e-05   6
    28  1.2908637526e-05   6
    29  1.2570352093e-07   6
    30  4.2718463655e-08   6
    31  4.1599390599e-10   6
    32  1.2803361698e-05   7
    33  4.3556629004e-06   7
    34  4.2470101658e-08   7
    35  1.4451436270e-08   7
    36  1.4090995037e-10   7
    37  4.3250831967e-06   8
    38  1.4722249655e-06   8
    39  1.4361272616e-08   8
    40  4.8888815218e-09   8
    41  1.4625613667e-06   9
    42  4.9793590340e-07   9
    43  4.8580390821e-09   9
# 
